"http://dbpedia.org/ontology/capital","Capital","False","1"
"http://dbpedia.org/ontology/commonName","&nbsp;","False","0"
"http://dbpedia.org/ontology/currency","Currency","False","2"
"http://www.w3.org/2000/01/rdf-schema#label","Language","True","3"
